,x_deg,x_moteus_deg,y,l,mode,u_ff,q_current,d_current,torque,t_s
0,-19.459228515625004,35.540771484375,0.1580184431060469,0.1449815568939531,2,0.0,-4.2,-0.4,-1.855922818183899,10107.163739988
1,-17.8826904296875,37.1173095703125,0.15588988312335944,0.14711011687664055,2,-1.8363742085656547,-4.800000000000001,0.30000000000000004,-2.003518581390381,10107.166599372
2,-17.00927734375,37.99072265625,0.154712850864628,0.148287149135372,2,-1.7710588751493637,-4.5,-0.30000000000000004,-1.8991432189941406,10107.167984768
3,-16.08642578125,38.91357421875,0.15347147474771258,0.1495285252522874,2,-1.7078162476569863,-4.3,-0.30000000000000004,-1.7969605922698975,10107.169353294
4,-15.196533203125,39.803466796875,0.15227708911222643,0.15072291088777356,2,-1.646294586186452,-4.1000000000000005,-0.5,-1.7361689805984497,10107.170700857
5,-14.306640625000002,40.693359375,0.15108573519541668,0.1519142648045833,2,-1.5868536966686366,-4.0,-0.4,-1.6823548078536987,10107.172034254
6,-13.383789062500002,41.6162109375,0.1498539001049284,0.15314609989507158,2,-1.5269064709805318,-3.5,-0.4,-1.545222520828247,10107.173389873
7,-12.466430664062504,42.5335693359375,0.14863351502122102,0.15436648497877897,2,-1.4664635468639853,-3.6,-0.1,-1.5256377458572388,10107.174691066
8,-11.614990234375,43.385009765625,0.14750487680462804,0.15549512319537195,2,-1.409128550853295,-3.4000000000000004,0.6000000000000001,-1.454331636428833,10107.175937481
9,-10.752563476562502,44.2474365234375,0.14636601327415918,0.1566339867258408,2,-1.352891661551816,-3.2,1.0,-1.348812460899353,10107.1772916
10,-9.912109374999998,45.087890625,0.14526069567438243,0.15773930432561756,2,-1.2944813309239707,-2.7,0.6000000000000001,-1.1538095474243164,10107.178565997
11,-9.14306640625,45.85693359375,0.1442534827003881,0.1587465172996119,2,-1.2390609357812705,-3.0,1.0,-1.2513788938522339,10107.179838302
12,-8.357543945312504,46.6424560546875,0.14322907242178268,0.15977092757821731,2,-1.1840442937309255,-2.5,0.7000000000000001,-1.0408258438110352,10107.181158106
13,-7.626953125,47.373046875,0.14228049210037347,0.16071950789962652,2,-1.1270541506220288,-2.6,-0.2,-1.1037893295288086,10107.182466706
14,-6.9293212890625,48.0706787109375,0.14137865961581708,0.1616213403841829,2,-1.0715403153313037,-2.2,0.2,-0.9179366827011108,10107.183732585
15,-6.2701416015625,48.7298583984375,0.14053023608208495,0.16246976391791504,2,-1.017823884286007,-2.5,0.0,-1.0757768154144287,10107.185021834
16,-5.621948242187502,49.3780517578125,0.13969959546747598,0.163300404532524,2,-0.9635205150620103,-2.3000000000000003,-0.1,-0.9637987613677979,10107.186340804
17,-4.9957275390625,50.0042724609375,0.13890066273073015,0.16409933726926984,2,-0.9087204734228211,-1.6,0.2,-0.6799414753913879,10107.187595183
18,-4.429931640625001,50.570068359375,0.13818191527199303,0.16481808472800696,2,-0.8566347367017162,-2.0,0.6000000000000001,-0.788127601146698,10107.188913876
19,-3.869628906249999,51.13037109375,0.13747312432731948,0.1655268756726805,2,-0.8031008705331508,-1.9000000000000001,-0.1,-0.8096311092376709,10107.190219088
20,-3.3587646484374996,51.6412353515625,0.13682952252497024,0.16617047747502975,2,-0.7505130334507708,-1.9000000000000001,-0.2,-0.8060687780380249,10107.191502392
21,-2.886352539062501,52.1136474609375,0.1362366638365494,0.1667633361634506,2,-0.6993401509209543,-1.5,-0.30000000000000004,-0.6588596105575562,10107.192797289
22,-2.446899414062499,52.5531005859375,0.13568719173926597,0.16731280826073403,2,-0.648151215281068,-1.3,0.0,-0.5561075806617737,10107.19409713
23,-2.0349121093750036,52.965087890625,0.13517386592519418,0.16782613407480582,2,-0.597617841795774,-1.3,-0.1,-0.5445377826690674,10107.195356842
24,-1.6613769531250022,53.338623046875,0.13470998426328276,0.16829001573671723,2,-0.5489563024232469,-0.8,0.6000000000000001,-0.5008144378662109,10107.196672831
25,-1.3153076171875009,53.6846923828125,0.13428153219202493,0.16871846780797506,2,-0.4987888520247361,-1.2000000000000002,0.1,-0.5009620785713196,10107.197967451
26,-1.0021972656250029,53.997802734375,0.13389499371719252,0.16910500628280747,2,-0.45035035830257075,-1.1,0.0,-0.44349029660224915,10107.199259236
27,-0.6945800781250023,54.305419921875,0.13351627431415605,0.16948372568584394,2,-0.40279158434302254,-0.9,0.1,-0.3793576955795288,10107.200585152
28,-0.3924560546874992,54.6075439453125,0.1331453298272658,0.1698546701727342,2,-0.35421595171872955,-0.7000000000000001,-0.1,-0.32459405064582825,10107.2018959
29,-0.1287841796875033,54.8712158203125,0.1328224243404346,0.1701775756595654,2,-0.3074372667012395,-0.6000000000000001,-0.30000000000000004,-0.2795020341873169,10107.203188093
30,0.12390136718749784,55.1239013671875,0.13251370401647797,0.17048629598352202,2,-0.26218647140644036,-0.6000000000000001,-0.1,-0.2503974139690399,10107.204507305
31,0.37658691406249895,55.3765869140625,0.13220570500470122,0.17079429499529877,2,-0.21628675154584154,-0.5,0.2,-0.23308996856212616,10107.205807016
32,0.6072998046874978,55.6072998046875,0.1319251235071396,0.17107487649286038,2,-0.17186709811669432,-0.4,0.0,-0.19007156789302826,10107.207090876
33,0.8270263671874954,55.8270263671875,0.13165847077718704,0.17134152922281295,2,-0.12912738353372843,0.0,0.2,-0.012857337482273579,10107.208476698
34,1.0357666015624982,56.0357666015625,0.1314056672710607,0.1715943327289393,2,-0.08434986314817228,-0.4,-0.2,-0.15382522344589233,10107.209751429
35,1.244506835937501,56.2445068359375,0.13115337040790445,0.17184662959209554,2,-0.043673738850454114,-0.2,0.30000000000000004,-0.09139255434274673,10107.211042567
36,1.4312744140625018,56.4312744140625,0.13092806319107417,0.17207193680892582,2,-0.0034624191880748834,-0.2,0.1,-0.10818775743246078,10107.212356445
37,1.618041992187496,56.6180419921875,0.13070316642106233,0.17229683357893766,2,0.03668672467466838,-0.2,-0.2,-0.10943949222564697,10107.213682323
38,1.788330078124998,56.788330078125,0.13049847311592624,0.17250152688407375,2,0.07603379601761429,0.0,-0.1,-0.04064931720495224,10107.214978127
39,1.9641113281249973,56.964111328125,0.13028753846922306,0.17271246153077693,2,0.11357497475763612,0.5,-0.1,0.2198297530412674,10107.216266691
40,2.1563720703125018,57.1563720703125,0.13005725155367706,0.17294274844632293,2,0.14992975630676575,0.2,0.1,0.06509397178888321,10107.217564754
41,2.3541259765625036,57.3541259765625,0.12982084837052463,0.17317915162947536,2,0.18562386428761246,0.2,-0.30000000000000004,0.11791891604661942,10107.218863781
42,2.5244140624999925,57.5244140625,0.1296176574456212,0.1733823425543788,2,0.22018895708421093,0.4,-0.2,0.16774074733257294,10107.220170974
43,2.7111816406249933,57.711181640625,0.12939520764604093,0.17360479235395906,2,0.2541770889576439,0.4,-0.1,0.18706928193569183,10107.221496796
44,2.9254150390625,57.9254150390625,0.12914056875645682,0.17385943124354317,2,0.2871120982152908,0.6000000000000001,-0.30000000000000004,0.2896931767463684,10107.222785434
45,3.123168945312495,58.1231689453125,0.1289060171709223,0.1740939828290777,2,0.31807430650288004,0.5,0.2,0.21098347008228302,10107.224140071
46,3.342895507812493,58.3428955078125,0.1286459700268373,0.17435402997316268,2,0.3499790776354722,0.6000000000000001,0.0,0.2576649785041809,10107.225464486
47,3.562622070312503,58.5626220703125,0.12838652164883083,0.17461347835116917,2,0.37908753061966605,0.7000000000000001,0.0,0.2925855219364166,10107.22674518
48,3.7988281249999996,58.798828125,0.12810828626730936,0.17489171373269063,2,0.4069401621760266,0.9,-0.1,0.38468441367149353,10107.228291815
49,4.0789794921875,59.0789794921875,0.12777919382217012,0.17522080617782987,2,0.43909031227599515,0.9,0.2,0.4065718352794647,10107.230284484
50,4.3811035156250036,59.381103515625,0.12742540135762834,0.17557459864237165,2,0.4769570732991031,1.0,-0.2,0.441818505525589,10107.231766102
51,4.6173095703125,59.6173095703125,0.1271496083653378,0.17585039163466218,2,0.5026614560903767,1.2000000000000002,0.0,0.5050395131111145,10107.233156702
52,4.820556640624999,59.820556640625,0.126912869228734,0.176087130771266,2,0.5256887367896976,1.3,0.0,0.5778617262840271,10107.234455821
53,5.0402832031249964,60.040283203125,0.1266575322888212,0.17634246771117879,2,0.545986561064832,1.3,0.1,0.5512861609458923,10107.23572994
54,5.216064453125002,60.216064453125,0.1264537115313453,0.1765462884686547,2,0.5646297027535695,1.3,0.0,0.5739197731018066,10107.237069799
55,5.4302978515624964,60.4302978515625,0.12620584678779462,0.17679415321220537,2,0.582856950760711,1.3,0.0,0.5816478133201599,10107.238387492
56,5.600585937499998,60.6005859375,0.12600925242605773,0.17699074757394226,2,0.599247271559233,1.5,-0.1,0.6372354626655579,10107.239675
57,5.781860351562495,60.7818603515625,0.12580039117796177,0.17719960882203822,2,0.6139425855998784,1.5,0.30000000000000004,0.6439443826675415,10107.24099236
58,5.930175781249995,60.93017578125,0.125629825398533,0.17737017460146698,2,0.627617768592462,1.5,0.1,0.636658787727356,10107.242315331
59,6.089477539062502,61.0894775390625,0.12544694770119455,0.17755305229880544,2,0.6397085651003581,1.7000000000000002,0.1,0.7154154181480408,10107.243597895
60,6.210327148437496,61.2103271484375,0.1253084364230948,0.1776915635769052,2,0.6501830635275705,1.6,0.0,0.6877844929695129,10107.244932884
61,6.325683593749998,61.32568359375,0.12517640149388456,0.17782359850611543,2,0.659307899371159,1.6,0.0,0.7035729885101318,10107.246233243
62,6.3970947265624964,61.3970947265625,0.1250947540615984,0.1779052459384016,2,0.666723173612497,1.7000000000000002,0.1,0.7477645874023438,10107.247513548
63,6.468505859374994,61.468505859375,0.1250131744044805,0.17798682559551948,2,0.6725238137790247,1.7000000000000002,0.0,0.743574857711792,10107.248827648
64,6.5014648437500036,61.50146484375,0.12497554514083181,0.17802445485916818,2,0.6769620479210532,1.8,0.1,0.7767727971076965,10107.250126749
65,6.523437499999994,61.5234375,0.12495046700188324,0.17804953299811677,2,0.6797090324070907,1.8,0.1,0.7777557373046875,10107.251420053
66,6.517944335937503,61.5179443359375,0.12495673593366237,0.17804326406633764,2,0.6808701086315394,1.7000000000000002,0.0,0.7350401878356934,10107.252723339
67,6.479492187500002,61.4794921875,0.12500062970970072,0.17799937029029927,2,0.6804117981670016,1.7000000000000002,0.0,0.7470309734344482,10107.254037421
68,6.4355468749999964,61.435546875,0.1250508181259964,0.1779491818740036,2,0.6782803112751854,1.6,0.0,0.6758241057395935,10107.255317966
69,6.375122070312494,61.3751220703125,0.1251198691342885,0.1778801308657115,2,0.6745605822697092,1.6,0.0,0.6969335675239563,10107.256605585
70,6.298217773437504,61.2982177734375,0.1252078223786061,0.1777921776213939,2,0.6691228721820037,1.5,0.0,0.6472535133361816,10107.257928815
71,6.226806640624994,61.226806640625,0.1252895634933907,0.17771043650660928,2,0.6618442773487433,1.6,0.1,0.6956589221954346,10107.259218934
72,6.133422851562494,61.1334228515625,0.12539655761989907,0.17760344238010092,2,0.6529947116503011,1.6,0.0,0.6793473958969116,10107.260517942
73,6.051025390625001,61.051025390625,0.12549105994692955,0.17750894005307044,2,0.6422857601498081,1.6,-0.1,0.6812561750411987,10107.261870653
74,5.946655273437493,60.9466552734375,0.12561089150481683,0.17738910849518316,2,0.628983632435264,1.5,0.0,0.6660870909690857,10107.263229013
75,5.8642578125,60.8642578125,0.12570559671294415,0.17729440328705584,2,0.6142931545693618,1.7000000000000002,0.0,0.7263562679290771,10107.264552632
76,5.781860351562495,60.7818603515625,0.12580039117796177,0.17719960882203822,2,0.5976816754507025,1.4000000000000001,0.1,0.5830692052841187,10107.265853066
77,5.715942382812501,60.7159423828125,0.12587629091159006,0.17712370908840994,2,0.5795892865184114,1.5,-0.1,0.638599157333374,10107.2671025
78,5.639038085937499,60.6390380859375,0.12596491256975653,0.17703508743024346,2,0.5603960089663529,1.3,-0.1,0.5462409853935242,10107.268424396
79,5.578613281249996,60.57861328125,0.1260345981667685,0.17696540183323148,2,0.5381245440347112,1.3,0.0,0.5420479774475098,10107.26972446
80,5.5236816406249964,60.523681640625,0.12609799011396897,0.17690200988603103,2,0.5143697417100875,1.2000000000000002,0.7000000000000001,0.5019806027412415,10107.270983487
81,5.463256835937493,60.4632568359375,0.1261677667437226,0.1768322332562774,2,0.48945837366643347,1.2000000000000002,-0.2,0.5330716371536255,10107.272314476
82,5.419311523437501,60.4193115234375,0.12621854328078502,0.17678145671921497,2,0.4611705373605105,0.9,0.1,0.4038645923137665,10107.273620613
83,5.380859375000001,60.380859375,0.12626299338220454,0.17673700661779546,2,0.43139589308342,1.1,0.30000000000000004,0.47990307211875916,10107.274906344
84,5.3424072265625,60.3424072265625,0.1263074627228861,0.1766925372771139,2,0.4002192692327188,1.0,0.0,0.4389244019985199,10107.276326906
85,5.298461914062495,60.2984619140625,0.1263583083641865,0.1766416916358135,2,0.36249645560632615,1.0,0.1,0.4529246389865875,10107.277753024
86,5.254516601562503,60.2545166015625,0.12640917908928354,0.17659082091071646,2,0.3235931408633752,0.9,0.0,0.31681206822395325,10107.279062699
87,5.1995849609375036,60.1995849609375,0.12647280273301184,0.17652719726698815,2,0.2851679856276714,0.5,0.0,0.2359447181224823,10107.280388336
88,5.150146484374996,60.150146484375,0.12653009745151678,0.17646990254848322,2,0.24364882073956154,0.8,0.0,0.36778524518013,10107.281703103
89,5.1007080078125,60.1007080078125,0.1265874238134105,0.17641257618658948,2,0.20114414034862751,0.5,0.0,0.21115539968013763,10107.283000185
90,5.0457763671875,60.0457763671875,0.12665115684156514,0.17634884315843485,2,0.15666060731494272,0.5,0.0,0.2198275923728943,10107.284328582
91,4.963378906249995,59.96337890625,0.12674682944795135,0.17625317055204864,2,0.10868808566496602,-0.1,0.0,0.21293896436691284,10107.285664201
92,4.8919677734374964,59.8919677734375,0.12682981651745506,0.17617018348254493,2,0.058304555510039324,-0.1,0.0,-0.043440788984298706,10107.286956931
93,4.820556640624999,59.820556640625,0.126912869228734,0.176087130771266,2,0.0073672167629985075,0.2,0.0,0.09524323791265488,10107.288294661
94,4.7052001953124964,59.7052001953125,0.12704716969418717,0.17595283030581282,2,-0.04797327396318962,0.1,-0.1,0.0791059285402298,10107.289604335
95,4.6228027343750036,59.622802734375,0.1271432030514143,0.1758567969485857,2,-0.10405768649892988,0.0,0.0,0.002094029448926449,10107.290892232
96,4.518432617187496,59.5184326171875,0.12726496997223774,0.17573503002776225,2,-0.16153041524351874,0.1,0.0,0.07345832139253616,10107.292188389
97,4.403076171874993,59.403076171875,0.12739971619335597,0.17560028380664403,2,-0.2222126864694407,-0.2,0.1,-0.10341452062129974,10107.293555748
98,4.293212890624994,59.293212890625,0.12752820340211043,0.17547179659788956,2,-0.2879556322560812,-0.2,0.1,-0.08467389643192291,10107.294834923
99,4.155883789062502,59.1558837890625,0.1276890278455591,0.17531097215444089,2,-0.352081328380301,-0.5,-0.4,-0.19055809080600739,10107.296187523
100,4.007568359375003,59.007568359375,0.12786298626149953,0.17513701373850046,2,-0.42266563600872675,-0.8,-0.1,-0.34135016798973083,10107.297519419
101,3.848266601562495,58.8482666015625,0.12805013939492849,0.1749498606050715,2,-0.4943872989188278,-0.9,-0.2,-0.4027324616909027,10107.298816853
102,3.683471679687497,58.6834716796875,0.12824408147544855,0.17475591852455144,2,-0.5667114618116307,-1.0,-0.1,-0.45205986499786377,10107.300114139
103,3.502197265625,58.502197265625,0.12845781007132162,0.17454218992867837,2,-0.642470230049547,-1.2000000000000002,0.1,-0.5405318737030029,10107.301408147
104,3.3099365234374956,58.3099365234375,0.12868493900916309,0.1743150609908369,2,-0.7186047930714221,-1.5,0.0,-0.6323320865631104,10107.302672322
105,3.101196289062493,58.1011962890625,0.12893205468784202,0.17406794531215797,2,-0.7962752123530409,-1.5,0.0,-0.6510183811187744,10107.303932775
106,2.875976562500004,57.8759765625,0.12919928171604203,0.17380071828395796,2,-0.8777920803912008,-1.7000000000000002,-0.2,-0.6981521844863892,10107.305317319
107,2.6287841796875004,57.6287841796875,0.12949329493579342,0.17350670506420657,2,-0.9667670779011706,-2.0,0.0,-0.8716748952865601,10107.306603882
108,2.3706054687500018,57.37060546875,0.1298011693955367,0.17319883060446328,2,-1.052727228400162,-2.1,0.2,-0.9029616117477417,10107.307901465
109,2.0849609374999973,57.0849609375,0.13014273497716417,0.17285726502283583,2,-1.1425222311708452,-2.3000000000000003,0.0,-0.9735701680183411,10107.30924375
110,1.788330078124998,56.788330078125,0.13049847311592624,0.17250152688407375,2,-1.238631642266831,-2.4000000000000004,0.0,-1.0035691261291504,10107.310562535
111,1.464233398437499,56.4642333984375,0.1308883456362795,0.1721116543637205,2,-1.3351251146830627,-2.6,0.1,-1.0938854217529297,10107.311832192
112,1.1071777343749962,56.107177734375,0.13131929800902808,0.1716807019909719,2,-1.430829668580646,-3.0,-0.1,-1.2504690885543823,10107.313182644
113,0.7226562500000003,55.72265625,0.13178506150880795,0.17121493849119204,2,-1.5357645461383045,-3.2,0.1,-1.3685578107833862,10107.314480652
114,0.3436279296874955,55.3436279296875,0.13224583767215897,0.17075416232784102,2,-1.639054920704007,-3.5,0.1,-1.4712600708007812,10107.315762012
115,-0.06286621093750272,54.9371337890625,0.13274181939768268,0.17025818060231732,2,-1.7434979374817723,-3.7,0.0,-1.5535495281219482,10107.317095001
116,-0.4803466796875021,54.5196533203125,0.13325313687890156,0.16974686312109843,2,-1.8552934360666251,-4.1000000000000005,0.0,-1.638335108757019,10107.318416083
117,-0.9088134765625027,54.0911865234375,0.13377991607878992,0.16922008392121007,2,-1.9695002861082425,-4.3,0.0,-1.7905395030975342,10107.319703943
118,-1.3647460937500029,53.63525390625,0.13434266120847688,0.16865733879152311,2,-2.0817155015334117,-4.7,0.30000000000000004,-1.9709985256195068,10107.321010173
119,-1.820678710937503,53.1793212890625,0.13490763631649066,0.16809236368350933,2,-2.19958319126761,-4.9,0.0,-2.0685431957244873,10107.322274588
120,-2.2875976562500044,52.71240234375,0.13548849705821492,0.16751150294178507,2,-2.316188845159961,-5.4,0.0,-2.287182092666626,10107.323535319
121,-2.7709960937500044,52.22900390625,0.136092237007463,0.16690776299253698,2,-2.4352720148636102,-5.5,0.1,-2.3085832595825195,10107.324844753
122,-3.2873535156250013,51.712646484375,0.1367397613780313,0.1662602386219687,2,-2.562233474368157,-6.0,0.1,-2.517657518386841,10107.326130687
123,-3.7762451171874987,51.2237548828125,0.13735528613168685,0.16564471386831314,2,-2.6886690704217604,-6.0,0.1,-2.522831916809082,10107.327406528
124,-4.298095703125,50.701904296875,0.13801487137540439,0.1649851286245956,2,-2.817379668757261,-6.4,0.1,-2.6885576248168945,10107.328807443
125,-4.896850585937502,50.1031494140625,0.13877484197154863,0.16422515802845136,2,-2.964899148993065,-6.800000000000001,-0.30000000000000004,-2.8359429836273193,10107.330201468
126,-5.440673828124999,49.559326171875,0.13946796147272245,0.16353203852727755,2,-3.110123799145169,-7.1000000000000005,0.30000000000000004,-2.953702211380005,10107.331510847
127,-5.9954833984375036,49.0045166015625,0.14017782121051303,0.16282217878948696,2,-3.2514499260664094,-7.6000000000000005,0.2,-3.17336368560791,10107.33282391
128,-6.5447998046875036,48.4552001953125,0.14088329962332213,0.16211670037667786,2,-3.3971269340942656,-8.1,0.2,-3.3880443572998047,10107.334118011
129,-7.0831298828125036,47.9168701171875,0.14157714811158156,0.16142285188841843,2,-3.5426523064111275,-8.200000000000001,0.2,-3.4443204402923584,10107.335384556
130,-7.626953125,47.373046875,0.14228049210037347,0.16071950789962652,2,-3.6886865612742272,-8.3,-0.1,-3.483729600906372,10107.336688434
131,-8.220214843749998,46.77978515625,0.14305045314925033,0.15994954685074966,2,-3.8438173061264593,-8.700000000000001,0.0,-3.6567559242248535,10107.338019998
132,-8.8079833984375,46.1920166015625,0.14381594015738258,0.1591840598426174,2,-4.001015689162524,-9.4,0.1,-3.8108668327331543,10107.339300691
133,-9.401245117187498,45.5987548828125,0.14459115659418584,0.15840884340581415,2,-4.157926069996293,-9.5,0.30000000000000004,-3.971322536468506,10107.340616828
134,-10.010986328125002,44.989013671875,0.1453904904731601,0.15760950952683989,2,-4.322115566680473,-9.8,0.5,-4.1109700202941895,10107.341908429
135,-10.648193359375,44.351806640625,0.14622850179500185,0.15677149820499814,2,-4.485656835462378,-10.4,-0.1,-4.33932638168335,10107.343199159
136,-11.312866210937504,43.6871337890625,0.14710539729773817,0.15589460270226183,2,-4.653257215803286,-10.5,0.2,-4.394752502441406,10107.344502352
137,-12.037963867187502,42.9620361328125,0.14806504459144057,0.15493495540855942,2,-4.826096943833013,-10.9,-0.1,-4.5474653244018555,10107.345804638
138,-12.70263671875,42.29736328125,0.14894732906416866,0.15405267093583133,2,-5.000300194364452,-11.200000000000001,0.5,-4.702736854553223,10107.347104368
139,-13.444213867187504,41.5557861328125,0.14993443370037887,0.15306556629962112,2,-5.178541075538348,-11.600000000000001,-0.5,-4.833334922790527,10107.348401469
140,-14.268188476562502,40.7318115234375,0.15103433162514995,0.15196566837485004,2,-5.360143551290107,-12.0,0.0,-5.000481128692627,10107.349694977
141,-15.070190429687504,39.9298095703125,0.15210775197780466,0.15089224802219534,2,-5.542666978416646,-12.8,0.4,-5.3382954597473145,10107.350952689
142,-15.872192382812498,39.1278076171875,0.1531836827427171,0.1498163172572829,2,-5.724739622427572,-12.9,0.6000000000000001,-5.370132923126221,10107.352265956
143,-16.789550781250004,38.21044921875,0.1544170554543975,0.1485829445456025,2,-5.918172840554659,-13.200000000000001,-0.1,-5.515222549438477,10107.353568353
144,-17.717895507812504,37.2821044921875,0.1556676602872286,0.1473323397127714,2,-6.112567838428342,-13.9,-0.2,-5.79105281829834,10107.354847935
145,-18.629760742187504,36.3702392578125,0.15689800405983054,0.14610199594016945,2,-6.309582192759059,-14.3,0.9,-5.957117080688477,10107.356192109
146,-19.66796875,35.33203125,0.1583005545047893,0.1446994454952107,2,-6.5161321006942154,-14.5,0.0,-6.06280517578125,10107.357499154
147,-20.7171630859375,34.2828369140625,0.15971913806331214,0.14328086193668785,2,-6.721393444796923,-15.8,0.4,-6.600066661834717,10107.358789495
148,-21.727905273437504,33.2720947265625,0.16108617979754475,0.14191382020245524,1,-6.928592611435986,-15.8,0.6000000000000001,-6.583627223968506,10107.36012404
149,-22.81005859375,32.18994140625,0.1625495292797549,0.14045047072024508,1,0.0,-16.3,0.2,-6.802721977233887,10107.361378974
150,-23.820800781249996,31.17919921875,0.1639153414269312,0.1390846585730688,1,0.0,6.4,-4.5,2.6939547061920166,10107.362606798
151,-24.677734375,30.322265625,0.16507206068066238,0.1379279393193376,1,0.0,4.6000000000000005,-0.6000000000000001,1.9219101667404175,10107.363811955
152,-25.3753662109375,29.6246337890625,0.1660125934234596,0.1369874065765404,1,0.0,3.7,0.4,1.5527676343917847,10107.365058574
153,-25.974121093750004,29.02587890625,0.16681880985544748,0.13618119014455252,1,0.0,3.1,-0.2,1.3295336961746216,10107.366277212
154,-26.463012695312504,28.5369873046875,0.16747629726940705,0.13552370273059294,1,0.0,2.9000000000000004,0.0,1.2189579010009766,10107.367496554
155,-26.885986328125004,28.114013671875,0.16804448969990132,0.13495551030009867,1,0.0,3.2,-0.30000000000000004,1.3698796033859253,10107.368689174
156,-27.248535156250004,27.75146484375,0.1685309948417801,0.13446900515821988,1,0.0,3.3000000000000003,0.0,1.3867673873901367,10107.369887294
157,-27.5341796875,27.4658203125,0.16891394356393363,0.13408605643606636,1,0.0,2.8000000000000003,0.30000000000000004,1.1711511611938477,10107.371056488
158,-27.7703857421875,27.2296142578125,0.16923036186202148,0.1337696381379785,1,0.0,3.0,0.0,1.2717716693878174,10107.372252682
159,-27.99560546875,27.00439453125,0.16953184280988592,0.13346815719011407,1,0.0,2.7,0.0,1.1596629619598389,10107.373465043
160,-28.182373046875004,26.817626953125,0.16978168272419086,0.13321831727580913,1,0.0,3.0,-0.1,1.2571041584014893,10107.374660978
161,-28.3197021484375,26.6802978515625,0.16996528821799523,0.13303471178200477,1,0.0,2.8000000000000003,0.1,1.1761425733566284,10107.375931449
162,-28.424072265625004,26.575927734375,0.17010477031097643,0.13289522968902356,1,0.0,2.6,0.1,1.118301272392273,10107.377157791
163,-28.5064697265625,26.4935302734375,0.17021485175668788,0.1327851482433121,1,0.0,2.5,0.1,1.0460326671600342,10107.378361262
164,-28.555908203125,26.444091796875,0.1702808852048261,0.1327191147951739,1,0.0,2.3000000000000003,0.0,0.9972330331802368,10107.379537993
165,-28.5888671875,26.4111328125,0.17032490102832568,0.13267509897167432,1,0.0,2.2,-0.1,0.9497296214103699,10107.380709688
166,-28.5888671875,26.4111328125,0.17032490102832568,0.13267509897167432,1,0.0,1.9000000000000001,0.1,0.777417778968811,10107.381920567
167,-28.577880859375004,26.422119140625,0.17031022966468534,0.13268977033531465,1,0.0,1.7000000000000002,0.0,0.7127100229263306,10107.383100335
168,-28.5284423828125,26.4715576171875,0.17024420139068722,0.13275579860931278,1,0.0,1.7000000000000002,-0.1,0.7597438097000122,10107.384355658
169,-28.468017578125,26.531982421875,0.1701634843961738,0.1328365156038262,1,0.0,1.6,-0.1,0.6866929531097412,10107.385938164
170,-28.369140625000004,26.630859375,0.1700313649932327,0.13296863500676728,1,0.0,1.5,0.1,0.635688066482544,10107.387416041
171,-28.2647705078125,26.7352294921875,0.16989185636054738,0.13310814363945261,1,0.0,1.6,0.0,0.6724925637245178,10107.388693178
172,-28.160400390625,26.839599609375,0.16975229789008853,0.13324770210991146,1,0.0,1.5,0.0,0.5974550843238831,10107.389949261
173,-28.034057617187504,26.9659423828125,0.16958329311078427,0.13341670688921572,1,0.0,1.4000000000000001,0.0,0.6219436526298523,10107.391186677
174,-27.90771484375,27.09228515625,0.16941421779356863,0.13358578220643136,1,0.0,1.3,0.0,0.569182813167572,10107.392446426
175,-27.786865234375004,27.213134765625,0.16925242883102384,0.13374757116897615,1,0.0,1.3,0.0,0.5763464570045471,10107.393691841
176,-27.6495361328125,27.3504638671875,0.16906850242865082,0.13393149757134917,1,0.0,1.2000000000000002,0.0,0.5041844844818115,10107.394874498
177,-27.4957275390625,27.5042724609375,0.1688624118230005,0.1341375881769995,1,0.0,0.9,0.0,0.4016249477863312,10107.396099785
178,-27.341918945312504,27.6580810546875,0.16865622528631397,0.13434377471368603,1,0.0,1.0,0.2,0.4330499768257141,10107.397346108
179,-27.193603515625,27.806396484375,0.16845731400010114,0.13454268599989885,1,0.0,0.7000000000000001,0.2,0.3295955955982208,10107.398537191
180,-27.039794921875004,27.960205078125,0.16825094617723899,0.134749053822761,1,0.0,0.9,-0.2,0.3290868401527405,10107.399731348
181,-26.864013671875,28.135986328125,0.16801498882328447,0.13498501117671552,1,0.0,0.7000000000000001,0.0,0.2999166250228882,10107.400965042
182,-26.699218750000004,28.30078125,0.16779367689373162,0.13520632310626837,1,0.0,0.7000000000000001,-0.1,0.31020569801330566,10107.40219118
183,-26.523437500000004,28.4765625,0.16755750559931284,0.13544249440068715,1,0.0,0.7000000000000001,0.0,0.2928732633590698,10107.403362318
184,-26.358642578125,28.641357421875,0.16733599953122905,0.13566400046877095,1,0.0,0.5,0.2,0.24142129719257355,10107.404565309
185,-26.182861328125,28.817138671875,0.16709962800912723,0.13590037199087276,1,0.0,0.30000000000000004,-0.4,0.16057133674621582,10107.405772688
186,-25.996093750000004,29.00390625,0.16684837598651023,0.13615162401348976,1,0.0,0.6000000000000001,0.0,0.2690791189670563,10107.406964011
187,-25.8203125,29.1796875,0.1666118063598136,0.1363881936401864,1,0.0,0.4,-0.4,0.16953349113464355,10107.408195094
188,-25.6060791015625,29.3939208984375,0.16632336515710022,0.13667663484289977,1,0.0,0.30000000000000004,-0.30000000000000004,0.1654839813709259,10107.409410325
189,-25.419311523437504,29.5806884765625,0.16607179908561565,0.13692820091438435,1,0.0,0.4,0.0,0.16109928488731384,10107.410613667
190,-25.216064453125,29.783935546875,0.16579793072822852,0.13720206927177148,1,0.0,0.4,0.1,0.19043397903442383,10107.41182349
191,-25.007324218750004,29.99267578125,0.16551655203590218,0.1374834479640978,1,0.0,0.4,0.0,0.1993129402399063,10107.413065999
192,-24.804077148437504,30.1959228515625,0.16524247813787057,0.13775752186212942,1,0.0,0.4,0.2,0.17041423916816711,10107.414295711
193,-24.622802734375,30.377197265625,0.16499795527248226,0.13800204472751773,1,0.0,0.30000000000000004,0.1,0.1401318609714508,10107.415536312
194,-24.425048828125004,30.574951171875,0.1647311233953243,0.13826887660467568,1,0.0,-0.1,-0.2,-0.05312881991267204,10107.416819876
195,-24.238281250000004,30.76171875,0.1644790436827991,0.1385209563172009,1,0.0,0.0,-0.1,-0.025192158296704292,10107.418027366
196,-24.067993164062504,30.9320068359375,0.1642491492130593,0.1387508507869407,1,0.0,-0.2,0.0,-0.1114182099699974,10107.419270671
197,-23.88671875,31.11328125,0.16400436679541325,0.13899563320458674,1,0.0,-0.1,0.0,-0.05786333978176117,10107.420515327
198,-23.699951171874996,31.300048828125,0.16375211035494042,0.13924788964505957,1,0.0,-0.4,0.0,-0.19988952577114105,10107.421736336
199,-23.5186767578125,31.4813232421875,0.1635072225388492,0.1394927774611508,1,0.0,-0.1,0.0,-0.06386607885360718,10107.422996937
200,-23.353881835937504,31.6461181640625,0.16328455726631674,0.13971544273368325,1,0.0,0.0,-0.2,-0.03134762868285179,10107.424262074
201,-23.167114257812504,31.8328857421875,0.16303216109370752,0.13996783890629247,1,0.0,-0.1,0.0,-0.06886595487594604,10107.425530212
202,-23.002319335937504,31.9976806640625,0.16280942463325743,0.14019057536674256,1,0.0,0.0,0.0,-0.017911270260810852,10107.426732702
203,-22.843017578125004,32.156982421875,0.1625940853478488,0.1404059146521512,1,0.0,-0.1,-0.2,-0.0491640530526638,10107.427977489
204,-22.689208984375,32.310791015625,0.162386148535335,0.14061385146466499,1,0.0,0.0,0.0,0.0017857163911685348,10107.429272608
205,-22.5408935546875,32.4591064453125,0.16218561887420327,0.14081438112579672,1,0.0,-0.30000000000000004,0.1,-0.1540451943874359,10107.430467709
206,-22.392578125,32.607421875,0.16198507255672143,0.14101492744327856,1,0.0,0.0,0.1,-0.007965488359332085,10107.431657829
207,-22.266235351562504,32.7337646484375,0.16181422526365657,0.14118577473634342,1,0.0,0.1,0.0,0.05442730709910393,10107.432861727
208,-22.145385742187504,32.8546142578125,0.1616507974618836,0.1413492025381164,1,0.0,-0.9,0.0,-0.16093674302101135,10107.434086883
209,-22.035522460937504,32.9644775390625,0.1615022203739691,0.14149777962603088,1,0.0,-0.5,0.0,-0.2332107126712799,10107.435282651
210,-21.920166015625004,33.079833984375,0.161346208888057,0.14165379111194298,1,0.0,-0.7000000000000001,-0.1,-0.31867527961730957,10107.436492845
211,-21.84326171875,33.15673828125,0.16124219855949562,0.14175780144050437,1,0.0,0.0,0.0,-0.12205654382705688,10107.437706039
212,-21.755371093750004,33.24462890625,0.1611233274346493,0.1418766725653507,1,0.0,0.0,0.6000000000000001,-0.03774085268378258,10107.438904141
213,-21.672973632812504,33.3270263671875,0.16101188402002012,0.14198811597997987,1,0.0,-0.2,-0.4,0.00010545650729909539,10107.440142279
214,-21.612548828125,33.387451171875,0.1609301579970887,0.14206984200291128,1,0.0,-0.1,-0.5,-0.0789058655500412,10107.441391028
215,-21.552124023437504,33.4478759765625,0.16084843141318222,0.14215156858681777,1,0.0,0.0,-0.2,-0.02092568203806877,10107.442567166
216,-21.502685546875004,33.497314453125,0.16078156389063186,0.14221843610936813,1,0.0,-0.30000000000000004,0.2,-0.14333297312259674,10107.443733898
217,-21.458740234375004,33.541259765625,0.16072212592090623,0.14227787407909376,1,0.0,-0.1,0.2,-0.06341955810785294,10107.444958462
218,-21.431274414062504,33.5687255859375,0.16068497713319643,0.14231502286680356,1,0.0,-0.1,0.5,-0.05567295104265213,10107.446176359
219,-21.414794921875,33.585205078125,0.16066268784651314,0.14233731215348686,1,0.0,-0.1,0.0,-0.049689117819070816,10107.447376794
220,-21.3873291015625,33.6126708984375,0.16062553902122217,0.14237446097877782,1,0.0,0.0,0.1,-0.0005760019994340837,10107.448586414
221,-21.3763427734375,33.6236572265625,0.16061067948864952,0.14238932051135048,1,0.0,0.1,0.0,0.06275869905948639,10107.449777719
222,-21.3763427734375,33.6236572265625,0.16061067948864952,0.14238932051135048,1,0.0,0.30000000000000004,-0.1,0.14256875216960907,10107.450986524
223,-21.365356445312504,33.6346435546875,0.1605958199559573,0.1424041800440427,1,0.0,0.0,-0.2,0.03196626156568527,10107.452239903
224,-21.3873291015625,33.6126708984375,0.16062553902122217,0.14237446097877782,1,0.0,0.1,-0.1,0.06510666012763977,10107.453477096
225,-21.392822265625004,33.607177734375,0.16063296878719618,0.1423670312128038,1,0.0,0.1,0.2,0.051818203181028366,10107.454744549
226,-21.409301757812504,33.5906982421875,0.1606552580825848,0.1423447419174152,1,0.0,0.4,-0.2,0.17130452394485474,10107.455952872
227,-21.4422607421875,33.5577392578125,0.16069983665232998,0.14230016334767,1,0.0,0.0,0.1,0.022896258160471916,10107.457221307
228,-21.4697265625,33.5302734375,0.16073698542529188,0.1422630145747081,1,0.0,0.30000000000000004,0.1,0.12481168657541275,10107.458436074
229,-21.4971923828125,33.5028076171875,0.16077413415201425,0.14222586584798574,1,0.0,0.2,0.0,0.09513279795646667,10107.459614028
230,-21.5081787109375,33.4918212890625,0.16078899362675728,0.14221100637324272,1,0.0,0.2,0.0,0.1055053249001503,10107.460814611
231,-21.530151367187504,33.4698486328125,0.16081871254419353,0.14218128745580647,1,0.0,0.2,-0.6000000000000001,0.1043202131986618,10107.462017286
232,-21.557617187500004,33.4423828125,0.1608558611220557,0.1421441388779443,1,0.0,0.2,-0.30000000000000004,0.10867542028427124,10107.463230535
233,-21.5740966796875,33.4259033203125,0.1608781502268641,0.14212184977313588,1,0.0,0.2,0.0,0.11869164556264877,10107.464448803
234,-21.6015625,33.3984375,0.1609152986557392,0.1420847013442608,1,0.0,0.1,0.1,0.08275635540485382,10107.465643108
235,-21.6455078125,33.3544921875,0.16097473590643838,0.14202526409356162,1,0.0,0.4,-0.1,0.18377240002155304,10107.466823914
236,-21.672973632812504,33.3270263671875,0.16101188402002012,0.14198811597997987,1,0.0,0.6000000000000001,0.0,0.27011334896087646,10107.468073644
237,-21.722412109375,33.277587890625,0.16107875024902482,0.14192124975097517,1,0.0,0.6000000000000001,0.1,0.25119733810424805,10107.46929582
238,-21.7498779296875,33.2501220703125,0.16111589792165237,0.14188410207834762,1,0.0,0.2,-0.2,0.11404768377542496,10107.470523272
239,-21.788330078125,33.211669921875,0.16116790435290804,0.14183209564709195,1,0.0,0.30000000000000004,0.2,0.1417205035686493,10107.471685282
240,-21.8157958984375,33.1842041015625,0.1612050515638112,0.14179494843618878,1,0.0,0.5,0.0,0.22647711634635925,10107.472884735
241,-21.8597412109375,33.1402587890625,0.1612644866480116,0.1417355133519884,1,0.0,0.2,0.0,0.124114491045475,10107.474075744
242,-21.914672851562504,33.0853271484375,0.16133877964461577,0.14166122035538423,1,0.0,0.4,0.0,0.18146912753582,10107.475241086
243,-21.953125,33.046875,0.16139078412124686,0.14160921587875314,1,0.0,0.6000000000000001,-0.1,0.25145137310028076,10107.476461817
244,-22.0025634765625,32.9974365234375,0.16145764620117173,0.14154235379882826,1,0.0,0.7000000000000001,0.1,0.3300290107727051,10107.477649585
245,-22.035522460937504,32.9644775390625,0.1615022203739691,0.14149777962603088,1,0.0,0.6000000000000001,0.0,0.25157180428504944,10107.478809094
246,-22.090454101562504,32.9095458984375,0.16157650961744557,0.14142349038255442,1,0.0,0.6000000000000001,-0.1,0.26508989930152893,10107.47999214
247,-22.1234130859375,32.8765869140625,0.16162108249889154,0.14137891750110845,1,0.0,0.2,0.0,0.09605565667152405,10107.481253741
248,-22.183837890625004,32.816162109375,0.16170279806283236,0.14129720193716763,1,0.0,0.5,0.0,0.22158671915531158,10107.482453046
249,-22.216796875,32.783203125,0.16174736939078943,0.14125263060921056,1,0.0,0.30000000000000004,0.0,0.13556070625782013,10107.483646814
250,-22.2607421875,32.7392578125,0.16180679690166788,0.1411932030983321,1,0.0,0.7000000000000001,0.0,0.3144596517086029,10107.484855267
251,-22.293701171875004,32.706298828125,0.16185136680980566,0.14114863319019433,1,0.0,0.9,-0.1,0.28819236159324646,10107.486071942
252,-22.321166992187504,32.6788330078125,0.1618885079063986,0.14111149209360138,1,0.0,0.6000000000000001,0.0,0.3145291209220886,10107.487272766
253,-22.3651123046875,32.6348876953125,0.1619479326921698,0.14105206730783018,1,0.0,0.5,0.0,0.24151401221752167,10107.488509571
254,-22.376098632812504,32.6239013671875,0.16196278869690706,0.14103721130309294,1,0.0,0.9,-0.2,0.24108228087425232,10107.489739802
255,-22.414550781250004,32.58544921875,0.16201478409032324,0.14098521590967675,1,0.0,0.5,-0.1,0.2214239090681076,10107.490938921
256,-22.4365234375,32.5634765625,0.16204449529817216,0.14095550470182783,1,0.0,0.30000000000000004,0.0,0.1376919150352478,10107.492191004
257,-22.453002929687504,32.5469970703125,0.16206677848612036,0.14093322151387963,1,0.0,0.5,-0.1,0.23550033569335938,10107.493428623
258,-22.4639892578125,32.5360107421875,0.16208163383935,0.14091836616064998,1,0.0,0.4,0.0,0.19387002289295197,10107.494623891
259,-22.4749755859375,32.5250244140625,0.16209648910724808,0.1409035108927519,1,0.0,0.0,0.1,0.03891262784600258,10107.495777882
260,-22.480468750000004,32.51953125,0.16210391670892738,0.14089608329107262,1,0.0,0.0,0.1,0.03968197479844093,10107.49698128
261,-22.496948242187504,32.5030517578125,0.1621261993835878,0.1408738006164122,1,0.0,0.2,0.0,0.11463337391614914,10107.498183844
262,-22.507934570312504,32.4920654296875,0.16214105439029822,0.14085894560970177,1,0.0,0.7000000000000001,-0.1,0.3067047894001007,10107.499353853
263,-22.518920898437504,32.4810791015625,0.16215590930821486,0.14084409069178513,1,0.0,0.6000000000000001,0.0,0.2556920051574707,10107.500548399
264,-22.507934570312504,32.4920654296875,0.16214105439029822,0.14085894560970177,1,0.0,0.6000000000000001,0.1,0.24982421100139618,10107.501766759
265,-22.5244140625,32.4755859375,0.16216333673360492,0.14083666326639507,1,0.0,0.5,0.0,0.24395211040973663,10107.502960861
266,-22.5408935546875,32.4591064453125,0.16218561887420327,0.14081438112579672,1,0.0,0.4,0.1,0.20134033262729645,10107.504204277
267,-22.557373046875,32.442626953125,0.1622079008091707,0.1407920991908293,1,0.0,0.5,0.1,0.2364528775215149,10107.505435359
268,-22.573852539062504,32.4261474609375,0.16223018253558416,0.14076981746441583,1,0.0,0.30000000000000004,0.0,0.21096035838127136,10107.506644072
269,-22.5848388671875,32.4151611328125,0.1622450369025528,0.1407549630974472,1,0.0,0.7000000000000001,0.0,0.3005731701850891,10107.507833099
270,-22.5848388671875,32.4151611328125,0.1622450369025528,0.1407549630974472,1,0.0,0.6000000000000001,0.0,0.2783198952674866,10107.509059552
271,-22.579345703125,32.420654296875,0.16223760973087137,0.14076239026912862,1,0.0,0.30000000000000004,0.1,0.1334611475467682,10107.510267783
272,-22.579345703125,32.420654296875,0.16223760973087137,0.14076239026912862,1,0.0,0.30000000000000004,0.0,0.1500476449728012,10107.511481366
273,-22.579345703125,32.420654296875,0.16223760973087137,0.14076239026912862,1,0.0,0.2,0.2,0.12215079367160797,10107.5126738
274,-22.573852539062504,32.4261474609375,0.16223018253558416,0.14076981746441583,1,0.0,0.2,0.2,0.12186766415834427,10107.513855365
275,-22.5848388671875,32.4151611328125,0.1622450369025528,0.1407549630974472,1,0.0,0.4,0.0,0.18771441280841827,10107.515066133
276,-22.573852539062504,32.4261474609375,0.16223018253558416,0.14076981746441583,1,0.0,0.5,0.0,0.21506159007549286,10107.516298382
277,-22.5848388671875,32.4151611328125,0.1622450369025528,0.1407549630974472,1,0.0,0.6000000000000001,0.0,0.26822328567504883,10107.517474132
278,-22.579345703125,32.420654296875,0.16223760973087137,0.14076239026912862,1,0.0,0.2,0.2,0.12239184230566025,10107.518639048
279,-22.568359375,32.431640625,0.16222275531679944,0.14077724468320055,1,0.0,0.4,0.1,0.18196554481983185,10107.519813224
280,-22.557373046875,32.442626953125,0.1622079008091707,0.1407920991908293,1,0.0,0.4,0.1,0.1858176440000534,10107.521050899
281,-22.568359375,32.431640625,0.16222275531679944,0.14077724468320055,1,0.0,0.30000000000000004,0.0,0.16552519798278809,10107.522246797
282,-22.573852539062504,32.4261474609375,0.16223018253558416,0.14076981746441583,1,0.0,0.6000000000000001,-0.1,0.2807774841785431,10107.52344562
283,-22.562866210937504,32.4371337890625,0.16221532807462555,0.14078467192537444,1,0.0,0.5,-0.1,0.23985552787780762,10107.524670258
284,-22.5518798828125,32.4481201171875,0.16220047352054318,0.14079952647945682,1,0.0,0.0,0.1,0.03295021131634712,10107.525882767
285,-22.562866210937504,32.4371337890625,0.16221532807462555,0.14078467192537444,1,0.0,0.4,-0.1,0.16861975193023682,10107.527082813
286,-22.573852539062504,32.4261474609375,0.16223018253558416,0.14076981746441583,1,0.0,0.2,0.0,0.12301507592201233,10107.528325895
287,-22.573852539062504,32.4261474609375,0.16223018253558416,0.14076981746441583,1,0.0,0.30000000000000004,0.0,0.15594825148582458,10107.529948549
288,-22.579345703125,32.420654296875,0.16223760973087137,0.14076239026912862,1,0.0,0.2,0.1,0.11196520179510117,10107.531202335
289,-22.5958251953125,32.4041748046875,0.1622598911746651,0.1407401088253349,1,0.0,0.5,0.0,0.2318764477968216,10107.532437973
290,-22.5958251953125,32.4041748046875,0.1622598911746651,0.1407401088253349,1,0.0,0.4,0.1,0.1943364143371582,10107.5336475
291,-22.590332031250004,32.40966796875,0.16225246405052013,0.14074753594947986,1,0.0,0.6000000000000001,-0.30000000000000004,0.26658234000205994,10107.534852472
292,-22.590332031250004,32.40966796875,0.16225246405052013,0.14074753594947986,1,0.0,0.2,0.2,0.12460438907146454,10107.536039647
293,-22.579345703125,32.420654296875,0.16223760973087137,0.14076239026912862,1,0.0,0.2,0.0,0.08450870215892792,10107.537294674
294,-22.579345703125,32.420654296875,0.16223760973087137,0.14076239026912862,1,0.0,0.6000000000000001,-0.1,0.2523558735847473,10107.538490498
295,-22.579345703125,32.420654296875,0.16223760973087137,0.14076239026912862,1,0.0,0.5,-0.30000000000000004,0.22713124752044678,10107.539676803
296,-22.573852539062504,32.4261474609375,0.16223018253558416,0.14076981746441583,1,0.0,0.5,0.0,0.21030588448047638,10107.540880719
297,-22.568359375,32.431640625,0.16222275531679944,0.14077724468320055,1,0.0,0.7000000000000001,0.0,0.3054868280887604,10107.542116913
298,-22.568359375,32.431640625,0.16222275531679944,0.14077724468320055,1,0.0,0.4,-0.1,0.20581355690956116,10107.543313662
299,-22.562866210937504,32.4371337890625,0.16221532807462555,0.14078467192537444,1,0.0,0.4,0.0,0.1817771941423416,10107.54453693
300,-22.568359375,32.431640625,0.16222275531679944,0.14077724468320055,1,0.0,0.4,-0.1,0.20127852261066437,10107.545752717
301,-22.573852539062504,32.4261474609375,0.16223018253558416,0.14076981746441583,1,0.0,0.6000000000000001,-0.1,0.28073403239250183,10107.546934429
302,-22.562866210937504,32.4371337890625,0.16221532807462555,0.14078467192537444,1,0.0,0.4,0.1,0.1773371696472168,10107.548160827
303,-22.568359375,32.431640625,0.16222275531679944,0.14077724468320055,1,0.0,0.6000000000000001,-0.30000000000000004,0.2882046401500702,10107.549392817
304,-22.573852539062504,32.4261474609375,0.16223018253558416,0.14076981746441583,1,0.0,0.4,0.0,0.18730126321315765,10107.55060277
305,-22.573852539062504,32.4261474609375,0.16223018253558416,0.14076981746441583,1,0.0,0.6000000000000001,-0.2,0.2642010748386383,10107.551810353
306,-22.573852539062504,32.4261474609375,0.16223018253558416,0.14076981746441583,1,0.0,0.2,0.4,0.09834634512662888,10107.553060509
307,-22.573852539062504,32.4261474609375,0.16223018253558416,0.14076981746441583,1,0.0,0.6000000000000001,0.1,0.2854456305503845,10107.554268518
308,-22.568359375,32.431640625,0.16222275531679944,0.14077724468320055,1,0.0,0.2,0.0,0.10616762191057205,10107.555464878
309,-22.573852539062504,32.4261474609375,0.16223018253558416,0.14076981746441583,1,0.0,0.30000000000000004,0.2,0.13755221664905548,10107.556674887
310,-22.573852539062504,32.4261474609375,0.16223018253558416,0.14076981746441583,1,0.0,0.6000000000000001,0.0,0.252682089805603,10107.557892007
311,-22.573852539062504,32.4261474609375,0.16223018253558416,0.14076981746441583,1,0.0,0.4,0.0,0.1959351897239685,10107.559063034
312,-22.568359375,32.431640625,0.16222275531679944,0.14077724468320055,1,0.0,0.1,0.2,0.0779307633638382,10107.560292432
313,-22.573852539062504,32.4261474609375,0.16223018253558416,0.14076981746441583,1,0.0,0.2,0.0,0.11818662285804749,10107.561500496
314,-22.573852539062504,32.4261474609375,0.16223018253558416,0.14076981746441583,1,0.0,0.4,-0.1,0.18724820017814636,10107.562674024
315,-22.568359375,32.431640625,0.16222275531679944,0.14077724468320055,1,0.0,0.4,0.30000000000000004,0.18206153810024261,10107.563836551
316,-22.568359375,32.431640625,0.16222275531679944,0.14077724468320055,1,0.0,0.5,-0.2,0.2180844247341156,10107.565056356
317,-22.579345703125,32.420654296875,0.16223760973087137,0.14076239026912862,1,0.0,0.30000000000000004,0.0,0.1445811241865158,10107.566252143
318,-22.579345703125,32.420654296875,0.16223760973087137,0.14076239026912862,1,0.0,0.5,0.1,0.2362891584634781,10107.567425911
319,-22.5848388671875,32.4151611328125,0.1622450369025528,0.1407549630974472,1,0.0,0.4,0.1,0.1771051436662674,10107.568628475
320,-22.579345703125,32.420654296875,0.16223760973087137,0.14076239026912862,1,0.0,0.4,0.0,0.19858570396900177,10107.56985128
321,-22.573852539062504,32.4261474609375,0.16223018253558416,0.14076981746441583,1,0.0,0.4,-0.2,0.1808001548051834,10107.571111974
322,-22.573852539062504,32.4261474609375,0.16223018253558416,0.14076981746441583,1,0.0,0.30000000000000004,0.1,0.16084876656532288,10107.572476425
323,-22.579345703125,32.420654296875,0.16223760973087137,0.14076239026912862,1,0.0,0.2,0.0,0.12326731532812119,10107.573719304
324,-22.5848388671875,32.4151611328125,0.1622450369025528,0.1407549630974472,1,0.0,0.30000000000000004,0.1,0.15045976638793945,10107.574921998
325,-22.568359375,32.431640625,0.16222275531679944,0.14077724468320055,1,0.0,0.4,0.1,0.19140462577342987,10107.576179358
326,-22.568359375,32.431640625,0.16222275531679944,0.14077724468320055,1,0.0,0.30000000000000004,0.0,0.14880239963531494,10107.577449052
327,-22.5518798828125,32.4481201171875,0.16220047352054318,0.14079952647945682,1,0.0,0.4,0.2,0.16421553492546082,10107.578662968
328,-22.5518798828125,32.4481201171875,0.16220047352054318,0.14079952647945682,1,0.0,0.4,0.0,0.13537703454494476,10107.579890476
329,-22.5244140625,32.4755859375,0.16216333673360492,0.14083666326639507,1,0.0,0.30000000000000004,-0.1,0.1645687222480774,10107.581160799
330,-22.398071289062504,32.6019287109375,0.16199250047028282,0.14100749952971717,1,0.0,-0.8,0.2,-0.3621790409088135,10107.58238653
331,-22.19482421875,32.80517578125,0.161717655236596,0.14128234476340398,1,0.0,-1.0,0.1,-0.43295153975486755,10107.583572335
332,-21.964111328125,33.035888671875,0.16140564244307676,0.14159435755692323,1,0.0,-1.5,-0.2,-0.6337384581565857,10107.584795066
333,-21.678466796875004,33.321533203125,0.16101931362571686,0.14198068637428313,1,0.0,-2.1,0.6000000000000001,-0.9115782976150513,10107.585979353
334,-21.310424804687504,33.6895751953125,0.16052152232065256,0.14247847767934743,1,0.0,-2.3000000000000003,-0.1,-0.9948606491088867,10107.587170306
335,-20.870971679687504,34.1290283203125,0.15992715472010977,0.14307284527989023,1,0.0,-3.0,-0.30000000000000004,-1.2843579053878784,10107.588412018
336,-20.316162109375,34.683837890625,0.15917686183296711,0.14382313816703288,1,0.0,-3.5,0.1,-1.4645200967788696,10107.589631749
